3996.46631	0.01835
3994.53751	0.01835
3992.60871	0.01829
3990.67992	0.01824
3988.75112	0.01823
3986.82232	0.01823
3984.89353	0.01824
3982.96473	0.01826
3981.03594	0.01827
3979.10714	0.01827
3977.17834	0.01823
3975.24955	0.01819
3973.32075	0.01820
3971.39195	0.01821
3969.46316	0.01823
3967.53436	0.01826
3965.60556	0.01826
3963.67677	0.01823
3961.74797	0.01825
3959.81917	0.01827
3957.89038	0.01824
3955.96158	0.01819
3954.03278	0.01815
3952.10399	0.01813
3950.17519	0.01819
3948.24640	0.01824
3946.31760	0.01821
3944.38880	0.01817
3942.46001	0.01819
3940.53121	0.01815
3938.60241	0.01806
3936.67362	0.01801
3934.74482	0.01800
3932.81602	0.01809
3930.88723	0.01820
3928.95843	0.01811
3927.02963	0.01798
3925.10084	0.01804
3923.17204	0.01813
3921.24324	0.01811
3919.31445	0.01811
3917.38565	0.01821
3915.45686	0.01822
3913.52806	0.01810
3911.59926	0.01798
3909.67047	0.01788
3907.74167	0.01778
3905.81287	0.01786
3903.88408	0.01815
3901.95528	0.01838
3900.02648	0.01843
3898.09769	0.01834
3896.16889	0.01804
3894.24009	0.01773
3892.31130	0.01775
3890.38250	0.01790
3888.45370	0.01786
3886.52491	0.01789
3884.59611	0.01803
3882.66731	0.01800
3880.73852	0.01802
3878.80972	0.01795
3876.88093	0.01769
3874.95213	0.01759
3873.02333	0.01761
3871.09454	0.01774
3869.16574	0.01794
3867.23694	0.01787
3865.30815	0.01779
3863.37935	0.01789
3861.45055	0.01784
3859.52176	0.01762
3857.59296	0.01736
3855.66416	0.01736
3853.73537	0.01808
3851.80657	0.01847
3849.87777	0.01803
3847.94898	0.01752
3846.02018	0.01730
3844.09139	0.01734
3842.16259	0.01745
3840.23379	0.01759
3838.30500	0.01781
3836.37620	0.01784
3834.44740	0.01762
3832.51861	0.01748
3830.58981	0.01740
3828.66101	0.01729
3826.73222	0.01720
3824.80342	0.01707
3822.87462	0.01708
3820.94583	0.01746
3819.01703	0.01755
3817.08823	0.01748
3815.15944	0.01755
3813.23064	0.01737
3811.30185	0.01703
3809.37305	0.01689
3807.44425	0.01709
3805.51546	0.01717
3803.58666	0.01706
3801.65786	0.01732
3799.72907	0.01753
3797.80027	0.01738
3795.87147	0.01726
3793.94268	0.01714
3792.01388	0.01697
3790.08508	0.01689
3788.15629	0.01686
3786.22749	0.01686
3784.29869	0.01689
3782.36990	0.01684
3780.44110	0.01683
3778.51230	0.01693
3776.58351	0.01686
3774.65471	0.01662
3772.72592	0.01649
3770.79712	0.01659
3768.86832	0.01678
3766.93953	0.01683
3765.01073	0.01676
3763.08193	0.01657
3761.15314	0.01646
3759.22434	0.01662
3757.29554	0.01669
3755.36675	0.01649
3753.43795	0.01639
3751.50915	0.01673
3749.58036	0.01699
3747.65156	0.01672
3745.72276	0.01662
3743.79397	0.01694
3741.86517	0.01683
3739.93638	0.01642
3738.00758	0.01630
3736.07878	0.01664
3734.14999	0.01694
3732.22119	0.01688
3730.29239	0.01662
3728.36360	0.01639
3726.43480	0.01636
3724.50600	0.01640
3722.57721	0.01637
3720.64841	0.01632
3718.71961	0.01623
3716.79082	0.01603
3714.86202	0.01584
3712.93322	0.01594
3711.00443	0.01634
3709.07563	0.01649
3707.14684	0.01633
3705.21804	0.01614
3703.28924	0.01618
3701.36045	0.01640
3699.43165	0.01648
3697.50285	0.01641
3695.57406	0.01632
3693.64526	0.01619
3691.71646	0.01617
3689.78767	0.01644
3687.85887	0.01664
3685.93007	0.01644
3684.00128	0.01617
3682.07248	0.01605
3680.14368	0.01599
3678.21489	0.01597
3676.28609	0.01635
3674.35730	0.01678
3672.42850	0.01668
3670.49970	0.01668
3668.57091	0.01680
3666.64211	0.01666
3664.71331	0.01650
3662.78452	0.01647
3660.85572	0.01645
3658.92692	0.01650
3656.99813	0.01679
3655.06933	0.01699
3653.14053	0.01685
3651.21174	0.01696
3649.28294	0.01766
3647.35414	0.01807
3645.42535	0.01786
3643.49655	0.01758
3641.56775	0.01749
3639.63896	0.01752
3637.71016	0.01758
3635.78137	0.01771
3633.85257	0.01785
3631.92377	0.01790
3629.99498	0.01818
3628.06618	0.01868
3626.13738	0.01866
3624.20859	0.01836
3622.27979	0.01825
3620.35099	0.01854
3618.42220	0.01898
3616.49340	0.01905
3614.56460	0.01897
3612.63581	0.01899
3610.70701	0.01903
3608.77821	0.01916
3606.84942	0.01928
3604.92062	0.01924
3602.99183	0.01927
3601.06303	0.01944
3599.13423	0.01956
3597.20544	0.01961
3595.27664	0.01977
3593.34784	0.01994
3591.41905	0.01993
3589.49025	0.02003
3587.56145	0.02045
3585.63266	0.02071
3583.70386	0.02062
3581.77506	0.02055
3579.84627	0.02065
3577.91747	0.02084
3575.98867	0.02102
3574.05988	0.02113
3572.13108	0.02112
3570.20229	0.02112
3568.27349	0.02151
3566.34469	0.02210
3564.41590	0.02223
3562.48710	0.02208
3560.55830	0.02205
3558.62951	0.02218
3556.70071	0.02234
3554.77191	0.02246
3552.84312	0.02262
3550.91432	0.02276
3548.98552	0.02284
3547.05673	0.02303
3545.12793	0.02334
3543.19913	0.02353
3541.27034	0.02352
3539.34154	0.02351
3537.41274	0.02364
3535.48395	0.02386
3533.55515	0.02403
3531.62636	0.02414
3529.69756	0.02426
3527.76876	0.02435
3525.83997	0.02444
3523.91117	0.02459
3521.98237	0.02474
3520.05358	0.02481
3518.12478	0.02491
3516.19598	0.02508
3514.26719	0.02522
3512.33839	0.02533
3510.40959	0.02549
3508.48080	0.02563
3506.55200	0.02570
3504.62320	0.02580
3502.69441	0.02601
3500.76561	0.02616
3498.83682	0.02620
3496.90802	0.02627
3494.97922	0.02638
3493.05043	0.02646
3491.12163	0.02653
3489.19283	0.02668
3487.26404	0.02686
3485.33524	0.02700
3483.40644	0.02714
3481.47765	0.02731
3479.54885	0.02742
3477.62005	0.02748
3475.69126	0.02757
3473.76246	0.02768
3471.83366	0.02779
3469.90487	0.02787
3467.97607	0.02795
3466.04728	0.02806
3464.11848	0.02820
3462.18968	0.02838
3460.26089	0.02851
3458.33209	0.02854
3456.40329	0.02862
3454.47450	0.02877
3452.54570	0.02887
3450.61690	0.02897
3448.68811	0.02914
3446.75931	0.02933
3444.83051	0.02943
3442.90172	0.02946
3440.97292	0.02949
3439.04412	0.02957
3437.11533	0.02970
3435.18653	0.02987
3433.25774	0.03004
3431.32894	0.03022
3429.40014	0.03035
3427.47135	0.03042
3425.54255	0.03054
3423.61375	0.03074
3421.68496	0.03091
3419.75616	0.03101
3417.82736	0.03112
3415.89857	0.03128
3413.96977	0.03145
3412.04097	0.03163
3410.11218	0.03181
3408.18338	0.03198
3406.25458	0.03213
3404.32579	0.03230
3402.39699	0.03250
3400.46819	0.03267
3398.53940	0.03279
3396.61060	0.03292
3394.68181	0.03309
3392.75301	0.03329
3390.82421	0.03346
3388.89542	0.03357
3386.96662	0.03367
3385.03782	0.03382
3383.10903	0.03401
3381.18023	0.03417
3379.25143	0.03430
3377.32264	0.03446
3375.39384	0.03468
3373.46504	0.03494
3371.53625	0.03526
3369.60745	0.03558
3367.67865	0.03577
3365.74986	0.03590
3363.82106	0.03613
3361.89227	0.03647
3359.96347	0.03681
3358.03467	0.03708
3356.10588	0.03735
3354.17708	0.03769
3352.24828	0.03806
3350.31949	0.03842
3348.39069	0.03875
3346.46189	0.03911
3344.53310	0.03950
3342.60430	0.03989
3340.67550	0.04029
3338.74671	0.04071
3336.81791	0.04113
3334.88911	0.04154
3332.96032	0.04197
3331.03152	0.04244
3329.10273	0.04301
3327.17393	0.04365
3325.24513	0.04424
3323.31634	0.04476
3321.38754	0.04532
3319.45874	0.04591
3317.52995	0.04652
3315.60115	0.04719
3313.67235	0.04791
3311.74356	0.04865
3309.81476	0.04940
3307.88596	0.05012
3305.95717	0.05073
3304.02837	0.05125
3302.09957	0.05179
3300.17078	0.05243
3298.24198	0.05310
3296.31318	0.05376
3294.38439	0.05440
3292.45559	0.05504
3290.52680	0.05569
3288.59800	0.05631
3286.66920	0.05691
3284.74041	0.05750
3282.81161	0.05808
3280.88281	0.05865
3278.95402	0.05923
3277.02522	0.05985
3275.09642	0.06049
3273.16763	0.06106
3271.23883	0.06145
3269.31003	0.06156
3267.38124	0.06158
3265.45244	0.06173
3263.52364	0.06190
3261.59485	0.06195
3259.66605	0.06197
3257.73726	0.06201
3255.80846	0.06198
3253.87966	0.06178
3251.95087	0.06155
3250.02207	0.06153
3248.09327	0.06158
3246.16448	0.06136
3244.23568	0.06089
3242.30688	0.06045
3240.37809	0.06008
3238.44929	0.05973
3236.52049	0.05948
3234.59170	0.05921
3232.66290	0.05860
3230.73410	0.05767
3228.80531	0.05679
3226.87651	0.05609
3224.94772	0.05545
3223.01892	0.05486
3221.09012	0.05436
3219.16133	0.05392
3217.23253	0.05346
3215.30373	0.05298
3213.37494	0.05249
3211.44614	0.05200
3209.51734	0.05156
3207.58855	0.05113
3205.65975	0.05065
3203.73095	0.05017
3201.80216	0.04969
3199.87336	0.04915
3197.94456	0.04862
3196.01577	0.04818
3194.08697	0.04780
3192.15817	0.04744
3190.22938	0.04705
3188.30058	0.04664
3186.37179	0.04619
3184.44299	0.04577
3182.51419	0.04537
3180.58540	0.04495
3178.65660	0.04452
3176.72780	0.04412
3174.79901	0.04374
3172.87021	0.04336
3170.94141	0.04306
3169.01262	0.04284
3167.08382	0.04261
3165.15502	0.04235
3163.22623	0.04207
3161.29743	0.04179
3159.36863	0.04148
3157.43984	0.04121
3155.51104	0.04104
3153.58225	0.04091
3151.65345	0.04061
3149.72465	0.04014
3147.79586	0.03973
3145.86706	0.03939
3143.93826	0.03908
3142.00947	0.03885
3140.08067	0.03868
3138.15187	0.03839
3136.22308	0.03799
3134.29428	0.03765
3132.36548	0.03743
3130.43669	0.03725
3128.50789	0.03700
3126.57909	0.03673
3124.65030	0.03659
3122.72150	0.03659
3120.79271	0.03659
3118.86391	0.03648
3116.93511	0.03627
3115.00632	0.03597
3113.07752	0.03565
3111.14872	0.03548
3109.21993	0.03538
3107.29113	0.03517
3105.36233	0.03491
3103.43354	0.03479
3101.50474	0.03477
3099.57594	0.03467
3097.64715	0.03448
3095.71835	0.03435
3093.78955	0.03431
3091.86076	0.03436
3089.93196	0.03442
3088.00317	0.03444
3086.07437	0.03450
3084.14557	0.03460
3082.21678	0.03466
3080.28798	0.03459
3078.35918	0.03436
3076.43039	0.03404
3074.50159	0.03380
3072.57279	0.03375
3070.64400	0.03394
3068.71520	0.03428
3066.78640	0.03460
3064.85761	0.03478
3062.92881	0.03478
3061.00001	0.03469
3059.07122	0.03456
3057.14242	0.03434
3055.21362	0.03398
3053.28483	0.03360
3051.35603	0.03331
3049.42724	0.03312
3047.49844	0.03306
3045.56964	0.03316
3043.64085	0.03327
3041.71205	0.03322
3039.78325	0.03296
3037.85446	0.03259
3035.92566	0.03225
3033.99686	0.03191
3032.06807	0.03155
3030.13927	0.03125
3028.21047	0.03111
3026.28168	0.03112
3024.35288	0.03116
3022.42408	0.03109
3020.49529	0.03086
3018.56649	0.03051
3016.63770	0.03014
3014.70890	0.02980
3012.78010	0.02945
3010.85131	0.02909
3008.92251	0.02876
3006.99371	0.02857
3005.06492	0.02850
3003.13612	0.02846
3001.20732	0.02839
2999.27853	0.02835
2997.34973	0.02834
2995.42093	0.02835
2993.49214	0.02839
2991.56334	0.02840
2989.63454	0.02836
2987.70575	0.02836
2985.77695	0.02841
2983.84816	0.02850
2981.91936	0.02860
2979.99056	0.02863
2978.06177	0.02859
2976.13297	0.02850
2974.20417	0.02839
2972.27538	0.02824
2970.34658	0.02812
2968.41778	0.02807
2966.48899	0.02813
2964.56019	0.02828
2962.63139	0.02842
2960.70260	0.02849
2958.77380	0.02857
2956.84500	0.02875
2954.91621	0.02895
2952.98741	0.02907
2951.05861	0.02913
2949.12982	0.02923
2947.20102	0.02940
2945.27223	0.02952
2943.34343	0.02956
2941.41463	0.02955
2939.48584	0.02954
2937.55704	0.02953
2935.62824	0.02951
2933.69945	0.02953
2931.77065	0.02962
2929.84185	0.02957
2927.91306	0.02927
2925.98426	0.02889
2924.05546	0.02864
2922.12667	0.02858
2920.19787	0.02874
2918.26907	0.02899
2916.34028	0.02914
2914.41148	0.02908
2912.48269	0.02879
2910.55389	0.02838
2908.62509	0.02803
2906.69630	0.02787
2904.76750	0.02786
2902.83870	0.02788
2900.90991	0.02788
2898.98111	0.02793
2897.05231	0.02802
2895.12352	0.02802
2893.19472	0.02793
2891.26592	0.02784
2889.33713	0.02778
2887.40833	0.02773
2885.47953	0.02769
2883.55074	0.02766
2881.62194	0.02765
2879.69315	0.02764
2877.76435	0.02766
2875.83555	0.02773
2873.90676	0.02776
2871.97796	0.02763
2870.04916	0.02744
2868.12037	0.02733
2866.19157	0.02729
2864.26277	0.02725
2862.33398	0.02723
2860.40518	0.02723
2858.47638	0.02721
2856.54759	0.02717
2854.61879	0.02711
2852.68999	0.02705
2850.76120	0.02699
2848.83240	0.02687
2846.90360	0.02663
2844.97481	0.02633
2843.04601	0.02610
2841.11722	0.02600
2839.18842	0.02590
2837.25962	0.02566
2835.33083	0.02536
2833.40203	0.02510
2831.47323	0.02488
2829.54444	0.02470
2827.61564	0.02458
2825.68684	0.02451
2823.75805	0.02442
2821.82925	0.02432
2819.90045	0.02421
2817.97166	0.02408
2816.04286	0.02396
2814.11406	0.02388
2812.18527	0.02386
2810.25647	0.02386
2808.32768	0.02377
2806.39888	0.02365
2804.47008	0.02356
2802.54129	0.02352
2800.61249	0.02353
2798.68369	0.02355
2796.75490	0.02347
2794.82610	0.02337
2792.89730	0.02337
2790.96851	0.02343
2789.03971	0.02340
2787.11091	0.02325
2785.18212	0.02311
2783.25332	0.02310
2781.32452	0.02316
2779.39573	0.02325
2777.46693	0.02340
2775.53814	0.02357
2773.60934	0.02360
2771.68054	0.02353
2769.75175	0.02347
2767.82295	0.02343
2765.89415	0.02336
2763.96536	0.02330
2762.03656	0.02326
2760.10776	0.02320
2758.17897	0.02312
2756.25017	0.02302
2754.32137	0.02293
2752.39258	0.02288
2750.46378	0.02283
2748.53498	0.02275
2746.60619	0.02262
2744.67739	0.02247
2742.74860	0.02235
2740.81980	0.02229
2738.89100	0.02224
2736.96221	0.02219
2735.03341	0.02212
2733.10461	0.02207
2731.17582	0.02208
2729.24702	0.02213
2727.31822	0.02218
2725.38943	0.02215
2723.46063	0.02210
2721.53183	0.02208
2719.60304	0.02208
2717.67424	0.02210
2715.74544	0.02213
2713.81665	0.02216
2711.88785	0.02219
2709.95905	0.02218
2708.03026	0.02213
2706.10146	0.02204
2704.17267	0.02194
2702.24387	0.02185
2700.31507	0.02176
2698.38628	0.02165
2696.45748	0.02153
2694.52868	0.02144
2692.59989	0.02138
2690.67109	0.02135
2688.74229	0.02134
2686.81350	0.02130
2684.88470	0.02125
2682.95590	0.02122
2681.02711	0.02121
2679.09831	0.02119
2677.16951	0.02114
2675.24072	0.02110
2673.31192	0.02107
2671.38313	0.02103
2669.45433	0.02099
2667.52553	0.02098
2665.59674	0.02102
2663.66794	0.02107
2661.73914	0.02110
2659.81035	0.02112
2657.88155	0.02115
2655.95275	0.02118
2654.02396	0.02119
2652.09516	0.02116
2650.16636	0.02111
2648.23757	0.02105
2646.30877	0.02096
2644.37997	0.02082
2642.45118	0.02068
2640.52238	0.02058
2638.59359	0.02051
2636.66479	0.02046
2634.73599	0.02042
2632.80720	0.02036
2630.87840	0.02032
2628.94960	0.02032
2627.02081	0.02032
2625.09201	0.02025
2623.16321	0.02011
2621.23442	0.01997
2619.30562	0.01986
2617.37682	0.01977
2615.44803	0.01970
2613.51923	0.01963
2611.59043	0.01952
2609.66164	0.01935
2607.73284	0.01915
2605.80404	0.01894
2603.87525	0.01872
2601.94645	0.01852
2600.01766	0.01840
2598.08886	0.01832
2596.16006	0.01827
2594.23127	0.01822
2592.30247	0.01817
2590.37367	0.01813
2588.44488	0.01811
2586.51608	0.01809
2584.58728	0.01811
2582.65849	0.01818
2580.72969	0.01827
2578.80089	0.01835
2576.87210	0.01840
2574.94330	0.01844
2573.01450	0.01848
2571.08571	0.01850
2569.15691	0.01849
2567.22812	0.01845
2565.29932	0.01839
2563.37052	0.01830
2561.44173	0.01826
2559.51293	0.01828
2557.58413	0.01824
2555.65534	0.01814
2553.72654	0.01810
2551.79774	0.01812
2549.86895	0.01813
2547.94015	0.01810
2546.01135	0.01806
2544.08256	0.01803
2542.15376	0.01807
2540.22496	0.01810
2538.29617	0.01804
2536.36737	0.01793
2534.43858	0.01784
2532.50978	0.01779
2530.58098	0.01775
2528.65219	0.01768
2526.72339	0.01762
2524.79459	0.01762
2522.86580	0.01766
2520.93700	0.01769
2519.00820	0.01768
2517.07941	0.01762
2515.15061	0.01753
2513.22181	0.01746
2511.29302	0.01742
2509.36422	0.01743
2507.43542	0.01748
2505.50663	0.01753
2503.57783	0.01757
2501.64904	0.01759
2499.72024	0.01758
2497.79144	0.01754
2495.86265	0.01752
2493.93385	0.01755
2492.00505	0.01755
2490.07626	0.01749
2488.14746	0.01741
2486.21866	0.01734
2484.28987	0.01725
2482.36107	0.01717
2480.43227	0.01714
2478.50348	0.01715
2476.57468	0.01717
2474.64588	0.01716
2472.71709	0.01710
2470.78829	0.01705
2468.85949	0.01698
2466.93070	0.01687
2465.00190	0.01682
2463.07311	0.01686
2461.14431	0.01688
2459.21551	0.01682
2457.28672	0.01676
2455.35792	0.01672
2453.42912	0.01669
2451.50033	0.01665
2449.57153	0.01660
2447.64273	0.01652
2445.71394	0.01647
2443.78514	0.01647
2441.85634	0.01645
2439.92755	0.01633
2437.99875	0.01617
2436.06995	0.01606
2434.14116	0.01601
2432.21236	0.01597
2430.28357	0.01593
2428.35477	0.01591
2426.42597	0.01590
2424.49718	0.01591
2422.56838	0.01588
2420.63958	0.01583
2418.71079	0.01577
2416.78199	0.01576
2414.85319	0.01580
2412.92440	0.01579
2410.99560	0.01570
2409.06680	0.01560
2407.13801	0.01552
2405.20921	0.01547
2403.28041	0.01543
2401.35162	0.01540
2399.42282	0.01541
2397.49403	0.01543
2395.56523	0.01541
2393.63643	0.01537
2391.70764	0.01535
2389.77884	0.01532
2387.85004	0.01527
2385.92125	0.01518
2383.99245	0.01503
2382.06365	0.01485
2380.13486	0.01467
2378.20606	0.01447
2376.27726	0.01419
2374.34847	0.01382
2372.41967	0.01335
2370.49087	0.01286
2368.56208	0.01239
2366.63328	0.01186
2364.70448	0.01149
2362.77569	0.01148
2360.84689	0.01164
2358.91810	0.01180
2356.98930	0.01215
2355.06050	0.01281
2353.13171	0.01354
2351.20291	0.01396
2349.27411	0.01390
2347.34532	0.01351
2345.41652	0.01311
2343.48772	0.01289
2341.55893	0.01278
2339.63013	0.01270
2337.70133	0.01275
2335.77254	0.01299
2333.84374	0.01324
2331.91494	0.01340
2329.98615	0.01371
2328.05735	0.01430
2326.12856	0.01490
2324.19976	0.01526
2322.27096	0.01530
2320.34217	0.01519
2318.41337	0.01511
2316.48457	0.01503
2314.55578	0.01499
2312.62698	0.01498
2310.69818	0.01497
2308.76939	0.01496
2306.84059	0.01495
2304.91179	0.01488
2302.98300	0.01477
2301.05420	0.01469
2299.12540	0.01465
2297.19661	0.01464
2295.26781	0.01466
2293.33902	0.01471
2291.41022	0.01474
2289.48142	0.01473
2287.55263	0.01469
2285.62383	0.01458
2283.69503	0.01437
2281.76624	0.01413
2279.83744	0.01396
2277.90864	0.01380
2275.97985	0.01363
2274.05105	0.01352
2272.12225	0.01344
2270.19346	0.01330
2268.26466	0.01313
2266.33586	0.01302
2264.40707	0.01292
2262.47827	0.01281
2260.54947	0.01274
2258.62068	0.01270
2256.69188	0.01255
2254.76309	0.01228
2252.83429	0.01204
2250.90549	0.01188
2248.97670	0.01180
2247.04790	0.01178
2245.11910	0.01181
2243.19031	0.01189
2241.26151	0.01197
2239.33271	0.01194
2237.40392	0.01179
2235.47512	0.01168
2233.54632	0.01165
2231.61753	0.01164
2229.68873	0.01162
2227.75993	0.01167
2225.83114	0.01178
2223.90234	0.01182
2221.97355	0.01179
2220.04475	0.01183
2218.11595	0.01182
2216.18716	0.01165
2214.25836	0.01145
2212.32956	0.01135
2210.40077	0.01141
2208.47197	0.01160
2206.54317	0.01171
2204.61438	0.01164
2202.68558	0.01155
2200.75678	0.01147
2198.82799	0.01137
2196.89919	0.01126
2194.97039	0.01110
2193.04160	0.01086
2191.11280	0.01071
2189.18401	0.01083
2187.25521	0.01104
2185.32641	0.01102
2183.39762	0.01086
2181.46882	0.01081
2179.54002	0.01089
2177.61123	0.01089
2175.68243	0.01074
2173.75363	0.01079
2171.82484	0.01099
2169.89604	0.01096
2167.96724	0.01068
2166.03845	0.01025
2164.10965	0.00977
2162.18085	0.00919
2160.25206	0.00814
2158.32326	0.00688
2156.39447	0.00633
2154.46567	0.00660
2152.53687	0.00720
2150.60808	0.00770
2148.67928	0.00798
2146.75048	0.00822
2144.82169	0.00856
2142.89289	0.00883
2140.96409	0.00895
2139.03530	0.00907
2137.10650	0.00922
2135.17770	0.00935
2133.24891	0.00948
2131.32011	0.00968
2129.39131	0.00993
2127.46252	0.01020
2125.53372	0.01051
2123.60492	0.01080
2121.67613	0.01104
2119.74733	0.01116
2117.81854	0.01115
2115.88974	0.01116
2113.96094	0.01133
2112.03215	0.01152
2110.10335	0.01162
2108.17455	0.01173
2106.24576	0.01193
2104.31696	0.01214
2102.38816	0.01227
2100.45937	0.01227
2098.53057	0.01221
2096.60177	0.01216
2094.67298	0.01217
2092.74418	0.01219
2090.81538	0.01218
2088.88659	0.01213
2086.95779	0.01208
2085.02900	0.01203
2083.10020	0.01199
2081.17140	0.01188
2079.24261	0.01169
2077.31381	0.01151
2075.38501	0.01136
2073.45622	0.01122
2071.52742	0.01111
2069.59862	0.01102
2067.66983	0.01086
2065.74103	0.01067
2063.81223	0.01062
2061.88344	0.01063
2059.95464	0.01061
2058.02584	0.01062
2056.09705	0.01060
2054.16825	0.01062
2052.23946	0.01084
2050.31066	0.01096
2048.38186	0.01066
2046.45307	0.01017
2044.52427	0.00980
2042.59547	0.00964
2040.66668	0.00968
2038.73788	0.00964
2036.80908	0.00926
2034.88029	0.00879
2032.95149	0.00860
2031.02269	0.00863
2029.09390	0.00860
2027.16510	0.00847
2025.23630	0.00824
2023.30751	0.00800
2021.37871	0.00793
2019.44991	0.00804
2017.52112	0.00817
2015.59232	0.00820
2013.66353	0.00826
2011.73473	0.00840
2009.80593	0.00846
2007.87714	0.00835
2005.94834	0.00823
2004.01954	0.00828
2002.09075	0.00846
2000.16195	0.00864
1998.23315	0.00874
1996.30436	0.00879
1994.37556	0.00893
1992.44676	0.00906
1990.51797	0.00913
1988.58917	0.00928
1986.66037	0.00949
1984.73158	0.00957
1982.80278	0.00953
1980.87399	0.00946
1978.94519	0.00907
1977.01639	0.00836
1975.08760	0.00792
1973.15880	0.00789
1971.23000	0.00797
1969.30121	0.00811
1967.37241	0.00837
1965.44361	0.00865
1963.51482	0.00879
1961.58602	0.00874
1959.65722	0.00862
1957.72843	0.00868
1955.79963	0.00899
1953.87083	0.00940
1951.94204	0.00978
1950.01324	0.01012
1948.08445	0.01043
1946.15565	0.01063
1944.22685	0.01065
1942.29806	0.01056
1940.36926	0.01053
1938.44046	0.01055
1936.51167	0.01054
1934.58287	0.01046
1932.65407	0.01035
1930.72528	0.01028
1928.79648	0.01023
1926.86768	0.01012
1924.93889	0.01002
1923.01009	0.01005
1921.08129	0.01023
1919.15250	0.01050
1917.22370	0.01075
1915.29490	0.01093
1913.36611	0.01106
1911.43731	0.01114
1909.50852	0.01116
1907.57972	0.01112
1905.65092	0.01098
1903.72213	0.01081
1901.79333	0.01069
1899.86453	0.01061
1897.93574	0.01049
1896.00694	0.01039
1894.07814	0.01031
1892.14935	0.01022
1890.22055	0.01020
1888.29175	0.01025
1886.36296	0.01030
1884.43416	0.01039
1882.50536	0.01053
1880.57657	0.01066
1878.64777	0.01073
1876.71898	0.01077
1874.79018	0.01075
1872.86138	0.01065
1870.93259	0.01056
1869.00379	0.01052
1867.07499	0.01043
1865.14620	0.01027
1863.21740	0.01015
1861.28860	0.01012
1859.35981	0.01013
1857.43101	0.01012
1855.50221	0.01009
1853.57342	0.01009
1851.64462	0.01011
1849.71582	0.01012
1847.78703	0.01012
1845.85823	0.01020
1843.92944	0.01039
1842.00064	0.01047
1840.07184	0.01045
1838.14305	0.01050
1836.21425	0.01061
1834.28545	0.01068
1832.35666	0.01076
1830.42786	0.01094
1828.49906	0.01110
1826.57027	0.01115
1824.64147	0.01120
1822.71267	0.01120
1820.78388	0.01103
1818.85508	0.01079
1816.92628	0.01059
1814.99749	0.01050
1813.06869	0.01048
1811.13990	0.01049
1809.21110	0.01050
1807.28230	0.01051
1805.35351	0.01059
1803.42471	0.01078
1801.49591	0.01104
1799.56712	0.01134
1797.63832	0.01155
1795.70952	0.01166
1793.78073	0.01171
1791.85193	0.01167
1789.92313	0.01139
1787.99434	0.01101
1786.06554	0.01073
1784.13674	0.01058
1782.20795	0.01054
1780.27915	0.01053
1778.35035	0.01051
1776.42156	0.01051
1774.49276	0.01058
1772.56397	0.01082
1770.63517	0.01105
1768.70637	0.01115
1766.77758	0.01119
1764.84878	0.01126
1762.91998	0.01143
1760.99119	0.01171
1759.06239	0.01193
1757.13359	0.01214
1755.20480	0.01236
1753.27600	0.01260
1751.34720	0.01306
1749.41841	0.01371
1747.48961	0.01426
1745.56081	0.01474
1743.63202	0.01527
1741.70322	0.01587
1739.77443	0.01651
1737.84563	0.01695
1735.91683	0.01733
1733.98804	0.01801
1732.05924	0.01858
1730.13044	0.01880
1728.20165	0.01900
1726.27285	0.01922
1724.34405	0.01955
1722.41526	0.01990
1720.48646	0.02022
1718.55766	0.02085
1716.62887	0.02179
1714.70007	0.02246
1712.77127	0.02283
1710.84248	0.02319
1708.91368	0.02359
1706.98489	0.02414
1705.05609	0.02474
1703.12729	0.02516
1701.19850	0.02595
1699.26970	0.02731
1697.34090	0.02846
1695.41211	0.02966
1693.48331	0.03075
1691.55451	0.03180
1689.62572	0.03332
1687.69692	0.03489
1685.76812	0.03655
1683.83933	0.03863
1681.91053	0.03941
1679.98173	0.03907
1678.05294	0.03876
1676.12414	0.03906
1674.19534	0.03979
1672.26655	0.04048
1670.33775	0.04155
1668.40896	0.04290
1666.48016	0.04358
1664.55136	0.04409
1662.62257	0.04515
1660.69377	0.04631
1658.76497	0.04711
1656.83618	0.04763
1654.90738	0.04859
1652.97858	0.05105
1651.04979	0.05236
1649.12099	0.05250
1647.19219	0.05377
1645.26340	0.05606
1643.33460	0.05818
1641.40580	0.06111
1639.47701	0.06556
1637.54821	0.07327
1635.61942	0.08786
1633.69062	0.10353
1631.76182	0.11568
1629.83303	0.12946
1627.90423	0.14608
1625.97543	0.15939
1624.04664	0.16385
1622.11784	0.15870
1620.18904	0.15035
1618.26025	0.14719
1616.33145	0.15330
1614.40265	0.16081
1612.47386	0.16341
1610.54506	0.16297
1608.61626	0.16064
1606.68747	0.15685
1604.75867	0.15244
1602.82988	0.14786
1600.90108	0.14219
1598.97228	0.13386
1597.04349	0.12260
1595.11469	0.11042
1593.18589	0.10097
1591.25710	0.09767
1589.32830	0.10164
1587.39950	0.10959
1585.47071	0.11495
1583.54191	0.11343
1581.61311	0.10650
1579.68432	0.09848
1577.75552	0.09158
1575.82672	0.08582
1573.89793	0.08116
1571.96913	0.07713
1570.04034	0.07317
1568.11154	0.06954
1566.18274	0.06652
1564.25395	0.06398
1562.32515	0.06189
1560.39635	0.06054
1558.46756	0.06026
1556.53876	0.05954
1554.60996	0.05833
1552.68117	0.05731
1550.75237	0.05651
1548.82357	0.05572
1546.89478	0.05490
1544.96598	0.05423
1543.03718	0.05384
1541.10839	0.05389
1539.17959	0.05393
1537.25079	0.05311
1535.32200	0.05206
1533.39320	0.05133
1531.46441	0.05064
1529.53561	0.04976
1527.60681	0.04904
1525.67802	0.04849
1523.74922	0.04802
1521.82042	0.04785
1519.89163	0.04766
1517.96283	0.04709
1516.03403	0.04629
1514.10524	0.04526
1512.17644	0.04398
1510.24764	0.04266
1508.31885	0.04144
1506.39005	0.04031
1504.46125	0.03918
1502.53246	0.03815
1500.60366	0.03742
1498.67487	0.03726
1496.74607	0.03789
1494.81727	0.03920
1492.88848	0.04177
1490.95968	0.04848
1489.03088	0.06275
1487.10209	0.08224
1485.17329	0.10087
1483.24449	0.11273
1481.31570	0.11199
1479.38690	0.09896
1477.45810	0.08132
1475.52931	0.06631
1473.60051	0.05728
1471.67171	0.05442
1469.74292	0.05666
1467.81412	0.06544
1465.88533	0.08783
1463.95653	0.12244
1462.02773	0.14804
1460.09894	0.15490
1458.17014	0.14340
1456.24134	0.11929
1454.31255	0.10080
1452.38375	0.08863
1450.45495	0.07902
1448.52616	0.07143
1446.59736	0.06578
1444.66856	0.06187
1442.73977	0.05905
1440.81097	0.05686
1438.88217	0.05514
1436.95338	0.05381
1435.02458	0.05266
1433.09578	0.05150
1431.16699	0.05059
1429.23819	0.05018
1427.30940	0.05034
1425.38060	0.05139
1423.45180	0.05349
1421.52301	0.05661
1419.59421	0.06194
1417.66541	0.06912
1415.73662	0.07512
1413.80782	0.07980
1411.87902	0.08338
1409.95023	0.08546
1408.02143	0.08637
1406.09263	0.08715
1404.16384	0.08841
1402.23504	0.09000
1400.30624	0.09228
1398.37745	0.09534
1396.44865	0.09833
1394.51986	0.10050
1392.59106	0.10064
1390.66226	0.09818
1388.73347	0.09362
1386.80467	0.08768
1384.87587	0.08167
1382.94708	0.07637
1381.01828	0.07194
1379.08948	0.06848
1377.16069	0.06590
1375.23189	0.06402
1373.30309	0.06261
1371.37430	0.06133
1369.44550	0.06009
1367.51670	0.05890
1365.58791	0.05777
1363.65911	0.05668
1361.73032	0.05547
1359.80152	0.05409
1357.87272	0.05273
1355.94393	0.05155
1354.01513	0.05059
1352.08633	0.04983
1350.15754	0.04932
1348.22874	0.04917
1346.29994	0.04945
1344.37115	0.05023
1342.44235	0.05150
1340.51355	0.05318
1338.58476	0.05476
1336.65596	0.05554
1334.72716	0.05562
1332.79837	0.05558
1330.86957	0.05607
1328.94077	0.05767
1327.01198	0.06094
1325.08318	0.06674
1323.15439	0.07598
1321.22559	0.08835
1319.29679	0.10074
1317.36800	0.10731
1315.43920	0.10447
1313.51040	0.09509
1311.58161	0.08539
1309.65281	0.07931
1307.72401	0.07754
1305.79522	0.07987
1303.86642	0.08612
1301.93762	0.09513
1300.00883	0.10364
1298.08003	0.10700
1296.15123	0.10281
1294.22244	0.09318
1292.29364	0.08240
1290.36485	0.07328
1288.43605	0.06645
1286.50725	0.06152
1284.57846	0.05791
1282.64966	0.05519
1280.72086	0.05310
1278.79207	0.05153
1276.86327	0.05039
1274.93447	0.04959
1273.00568	0.04907
1271.07688	0.04873
1269.14808	0.04853
1267.21929	0.04841
1265.29049	0.04841
1263.36169	0.04853
1261.43290	0.04874
1259.50410	0.04894
1257.57531	0.04906
1255.64651	0.04909
1253.71771	0.04896
1251.78892	0.04857
1249.86012	0.04793
1247.93132	0.04716
1246.00253	0.04640
1244.07373	0.04576
1242.14493	0.04529
1240.21614	0.04500
1238.28734	0.04490
1236.35854	0.04501
1234.42975	0.04532
1232.50095	0.04591
1230.57215	0.04691
1228.64336	0.04846
1226.71456	0.05058
1224.78577	0.05291
1222.85697	0.05474
1220.92817	0.05546
1218.99938	0.05504
1217.07058	0.05396
1215.14178	0.05294
1213.21299	0.05254
1211.28419	0.05322
1209.35539	0.05561
1207.42660	0.06061
1205.49780	0.06893
1203.56900	0.07979
1201.64021	0.09022
1199.71141	0.09685
1197.78261	0.09892
1195.85382	0.09864
1193.92502	0.09843
1191.99622	0.09886
1190.06743	0.09878
1188.13863	0.09732
1186.20984	0.09573
1184.28104	0.09633
1182.35224	0.10001
1180.42345	0.10607
1178.49465	0.11344
1176.56585	0.12148
1174.63706	0.12955
1172.70826	0.13613
1170.77946	0.13887
1168.85067	0.13600
1166.92187	0.12774
1164.99307	0.11605
1163.06428	0.10326
1161.13548	0.09113
1159.20668	0.08081
1157.27789	0.07291
1155.34909	0.06761
1153.42030	0.06478
1151.49150	0.06409
1149.56270	0.06499
1147.63391	0.06698
1145.70511	0.06999
1143.77631	0.07432
1141.84752	0.08015
1139.91872	0.08723
1137.98992	0.09516
1136.06113	0.10389
1134.13233	0.11374
1132.20353	0.12481
1130.27474	0.13620
1128.34594	0.14613
1126.41714	0.15277
1124.48835	0.15501
1122.55955	0.15259
1120.63076	0.14611
1118.70196	0.13708
1116.77316	0.12752
1114.84437	0.11919
1112.91557	0.11342
1110.98677	0.11105
1109.05798	0.11179
1107.12918	0.11378
1105.20038	0.11479
1103.27159	0.11429
1101.34279	0.11383
1099.41399	0.11539
1097.48520	0.11895
1095.55640	0.12084
1093.62760	0.11644
1091.69881	0.10609
1089.77001	0.09595
1087.84121	0.09273
1085.91242	0.09971
1083.98362	0.11582
1082.05483	0.13687
1080.12603	0.15844
1078.19723	0.17768
1076.26844	0.19279
1074.33964	0.20329
1072.41084	0.21032
1070.48205	0.21503
1068.55325	0.21713
1066.62445	0.21566
1064.69566	0.21024
1062.76686	0.20162
1060.83806	0.19112
1058.90927	0.18010
1056.98047	0.16962
1055.05167	0.16030
1053.12288	0.15238
1051.19408	0.14581
1049.26529	0.14054
1047.33649	0.13658
1045.40769	0.13382
1043.47890	0.13201
1041.55010	0.13072
1039.62130	0.12945
1037.69251	0.12785
1035.76371	0.12591
1033.83491	0.12386
1031.90612	0.12186
1029.97732	0.11986
1028.04852	0.11774
1026.11973	0.11557
1024.19093	0.11340
1022.26213	0.11121
1020.33334	0.10903
1018.40454	0.10726
1016.47575	0.10740
1014.54695	0.11203
1012.61815	0.12025
1010.68936	0.12531
1008.76056	0.12315
1006.83176	0.11771
1004.90297	0.11317
1002.97417	0.10953
1001.04537	0.10583
999.11658	0.10201
997.18778	0.09842
995.25898	0.09523
993.33019	0.09241
991.40139	0.08999
989.47259	0.08801
987.54380	0.08640
985.61500	0.08505
983.68620	0.08397
981.75741	0.08328
979.82861	0.08283
977.89982	0.08217
975.97102	0.08124
974.04222	0.08043
972.11343	0.07998
970.18463	0.07981
968.25583	0.07942
966.32704	0.07814
964.39824	0.07611
962.46944	0.07411
960.54065	0.07238
958.61185	0.07069
956.68305	0.06905
954.75426	0.06764
952.82546	0.06667
950.89666	0.06640
948.96787	0.06693
947.03907	0.06742
945.11028	0.06701
943.18148	0.06613
941.25268	0.06532
939.32389	0.06426
937.39509	0.06284
935.46629	0.06131
933.53750	0.05976
931.60870	0.05831
929.67990	0.05711
927.75111	0.05612
925.82231	0.05530
923.89351	0.05464
921.96472	0.05412
920.03592	0.05369
918.10712	0.05335
916.17833	0.05306
914.24953	0.05277
912.32074	0.05242
910.39194	0.05196
908.46314	0.05143
906.53435	0.05089
904.60555	0.05038
902.67675	0.04995
900.74796	0.04964
898.81916	0.04950
896.89036	0.04963
894.96157	0.05015
893.03277	0.05106
891.10397	0.05233
889.17518	0.05413
887.24638	0.05733
885.31758	0.06340
883.38879	0.07320
881.45999	0.08492
879.53120	0.09333
877.60240	0.09368
875.67360	0.08663
873.74481	0.07697
871.81601	0.06862
869.88721	0.06292
867.95842	0.05982
866.02962	0.05909
864.10082	0.06026
862.17203	0.06212
860.24323	0.06330
858.31443	0.06297
856.38564	0.06113
854.45684	0.05860
852.52804	0.05624
850.59925	0.05437
848.67045	0.05303
846.74165	0.05218
844.81286	0.05173
842.88406	0.05151
840.95527	0.05136
839.02647	0.05120
837.09767	0.05101
835.16888	0.05080
833.24008	0.05060
831.31128	0.05047
829.38249	0.05042
827.45369	0.05043
825.52489	0.05047
823.59610	0.05050
821.66730	0.05047
819.73850	0.05038
817.80971	0.05029
815.88091	0.05023
813.95211	0.05012
812.02332	0.04989
810.09452	0.04961
808.16573	0.04933
806.23693	0.04912
804.30813	0.04906
802.37934	0.04908
800.45054	0.04916
798.52174	0.04943
796.59295	0.05027
794.66415	0.05288
792.73535	0.05803
790.80656	0.06294
788.87776	0.06311
786.94896	0.05887
785.02017	0.05464
783.09137	0.05257
781.16257	0.05184
779.23378	0.05151
777.30498	0.05132
775.37619	0.05135
773.44739	0.05183
771.51859	0.05339
769.58980	0.05701
767.66100	0.06281
765.73220	0.06805
763.80341	0.06953
761.87461	0.06914
759.94581	0.07311
758.01702	0.08636
756.08822	0.10813
754.15942	0.12927
752.23063	0.13872
750.30183	0.13648
748.37303	0.13128
746.44424	0.12663
744.51544	0.11899
742.58664	0.10722
740.65785	0.09550
738.72905	0.08723
736.80026	0.08248
734.87146	0.08028
732.94266	0.07995
731.01387	0.08116
729.08507	0.08387
727.15627	0.08818
725.22748	0.09391
723.29868	0.10041
721.36988	0.10700
719.44109	0.11330
717.51229	0.11912
715.58349	0.12426
713.65470	0.12803
711.72590	0.12942
709.79710	0.12804
707.86831	0.12450
705.93951	0.12138
704.01072	0.12327
702.08192	0.13394
700.15312	0.15095
698.22433	0.16392
696.29553	0.16327
694.36673	0.15064
692.43794	0.13485
690.50914	0.12170
688.58034	0.11216
686.65155	0.10546
684.72275	0.10093
682.79395	0.09801
680.86516	0.09617
678.93636	0.09497
677.00756	0.09417
675.07877	0.09355
673.14997	0.09290
671.22118	0.09220
669.29238	0.09198
667.36358	0.09249
665.43479	0.09250
663.50599	0.09231
661.57719	0.09266
659.64840	0.09363
657.71960	0.09500
655.79080	0.09664
653.86201	0.09850
651.93321	0.10053
650.00441	0.10278
648.07562	0.10514
646.14682	0.10732
644.21802	0.10920
642.28923	0.11088
640.36043	0.11231
638.43163	0.11337
636.50284	0.11396
634.57404	0.11405
632.64525	0.11365
630.71645	0.11287
628.78765	0.11186
626.85886	0.11073
624.93006	0.10958
623.00126	0.10846
621.07247	0.10738
619.14367	0.10643
617.21487	0.10562
615.28608	0.10484
613.35728	0.10402
611.42848	0.10308
609.49969	0.10207
607.57089	0.10102
605.64209	0.10000
603.71330	0.09918
601.78450	0.09912
599.85571	0.10077
597.92691	0.10383
595.99811	0.10580
594.06932	0.10481
592.14052	0.10198
590.21172	0.09951
588.28293	0.09819
586.35413	0.09766
584.42533	0.09746
582.49654	0.09751
580.56774	0.09788
578.63894	0.09863
576.71015	0.09966
574.78135	0.10091
572.85255	0.10301
570.92376	0.10784
568.99496	0.11862
567.06617	0.13764
565.13737	0.16160
563.20857	0.18102
561.27978	0.18745
559.35098	0.18094
557.42218	0.16816
555.49339	0.15518
553.56459	0.14458
551.63579	0.13661
549.70700	0.13062
547.77820	0.12603
545.84940	0.12258
543.92061	0.12013
541.99181	0.11823
540.06301	0.11639
538.13422	0.11481
536.20542	0.11387
534.27663	0.11343
532.34783	0.11328
530.41903	0.11328
528.49024	0.11326
526.56144	0.11315
524.63264	0.11275
522.70385	0.11195
520.77505	0.11091
518.84625	0.10976
516.91746	0.10886
514.98866	0.10968
513.05986	0.11634
511.13107	0.13287
509.20227	0.15260
507.27347	0.15905
505.34468	0.14877
503.41588	0.13444
501.48708	0.12428
499.55829	0.11845
497.62949	0.11486
495.70070	0.11231
493.77190	0.11049
491.84310	0.10911
489.91431	0.10793
487.98551	0.10698
486.05671	0.10632
484.12792	0.10586
482.19912	0.10557
480.27032	0.10548
478.34153	0.10548
476.41273	0.10546
474.48393	0.10552
472.55514	0.10581
470.62634	0.10619
468.69754	0.10656
466.76875	0.10681
464.83995	0.10665
462.91116	0.10614
460.98236	0.10555
459.05356	0.10504
457.12477	0.10454
455.19597	0.10380
453.26717	0.10286
451.33838	0.10195
449.40958	0.10115
447.48078	0.10028
445.55199	0.09925
443.62319	0.09821
441.69439	0.09729
439.76560	0.09641
437.83680	0.09569
435.90800	0.09519
433.97921	0.09499
432.05041	0.09615
430.12162	0.10124
428.19282	0.11238
426.26402	0.12612
424.33523	0.13422
422.40643	0.13506
420.47763	0.13443
418.54884	0.13171
416.62004	0.12395
414.69124	0.11568
412.76245	0.10959
410.83365	0.10580
408.90485	0.10340
406.97606	0.10146
405.04726	0.09998
403.11846	0.09924
401.18967	0.09878
399.26087	0.09829